s1=275.89892578125
s2=170.45799255371094
SHIFT=8
